030072090009300002050080000007900020840007036002000007400700008000001500000030000
700500000010920008009104050090000000008700004060050013000000000005090760070200480
100000070080000030000290500005006009900080000700509004000600087000050396003070000
000004010008079006040600800007430000000060708005000630009500000000006120500020000
800002500010590003050030010000000006900056000560300001004009080000200004000060097
000000801010000790800001040059000000070840602000007000200100086060030000000602100
000300097009000108700000400000081000500000080000009005850700300016040070407002006
000900003370020900000000040460000700000043200008650410000000000086100004140070090
021000400009000051050700000000034000000069040000500002070600300003050010800000904
410000600300004010200030400700200160000510007000300050007003900500480003000000000
003002000000706103070500000000000000320000400000008729004020090560090000030605008
503806001200000000060000490058000010000250000000008906300002000005080300010300007
401000027008007000205000300000500000093108400000034200300001700000000005004600030
000008500069010000001040003130000758005030060090000000208003005010700000070080400
904208000000006040600000900090702300000050010008069500106400007040000001003000000
060070201000008040000000750084000000020300400000401006002000000048702300900010000
000010040100005090000609002200906700006000000070080050004068000060100084050004360
609080020000002000208105060000036950000040000001000030030700800000600000007058013
000003400000020010067051000500000180208010000000500002190380000300060048000209300
001009036000000004080000700200051000000000420004280069800004000002300000003920010
067000000901200040800000109600030201040009000000000498000807004000100980006050010
080009000900405000520010300060030050100004009000090010096003140030100000005040060
006000180802001005000000900530098000000000000004370050200805400600040072000000500
006009300000700000200030800903060000600000005870100040060500020000200001020086000
070006005200030004004095030000800200000004001000312450050020800080001000300000006
050000780400000600030008000000740000004001090600082040100060400069020870700000060
015960003040050900090400000503000000071005000000300080006870310000000008000002500
500020010010004020004600003400902000000000500970000000600540170001000004000001008
800009001030200409020100005100000000002010040096000120400901300000048000008005000
006930008800050600000002000001000060090004210200070009000320000009000020102000037
000090460000000007600350200004039000700210040901006000000000590000002008018000320
400090008000005000009000600002003000960520000000180000010008009005004073304750010
035006000026000340000000007008607000000020050040100006560040100003050009010002000
000010040100005090000009002200906700006000000070080050004068000060100084050004360
040020079900060002052790000605009004004500086000046010007000400000070090500600000
000106502620900300003004010500000008002800050100007000000400030000000400064023000
000008050090405000000070000700500068030009140009060002070004090003000006050080400
000500000020300800690041050002000600006702030500036000080000006000910280054000070
809000102000020009200009700003006000004010600000902007000008000708091065100700000
006510709700000600002008030000100000000037280400090000900080000004006003007050002
006002507000090000000006430500003600038020700020000000001900008400001050080050000
004190007700080001000007906000000600090000023005069000050672300900018000007000062
050078004079301000008000900000504030006080405000700800000000500060000001037050000
104060090007000080058003600000000000703049000000200068000300840009000007000027006
500000000017890000000700039000000400040610082020008000001004068800120004004086005
600300079000008003008040010050000086009004000000960040000021000980070200025000000
804000000000800540100046080009035000080600300035000060000000007700001000000490820
009000008280000000040080017800710060002040000700908002460070000001804000008020300
078000960040000200006000008000075002007006000020094080000047803005000020080020001
500093000007400000090680000300060407000301500020000060016000340000200000003000250
061007000009040076300000000008902010002310000000000023000200890080000300500008007
000068000008700030500300008800290010067001003001007000032150800000000605000070000
000068000008700030500300008800290010067001003001000000032150800000000605000070000
040000501000003040500400600000680003406000008009005002000302800058090000690000000
004900060060080503800006010708050601050700000031000045000000100000002008690000000
000702000309600100000000080600000513500000690090300004050907000001000000900083006
900870000830042065002100000009000008040000000000000630120080407050700000090001500
000500060005016070060000203500402000090060000201000000000030092009000800600001034
010002050000890014000000800000200106023005089008070000030000060000300001705100028
010000000800024060260380100540800006000600002300009000100000070030070008000500630
100000007009000200800500410006900001030001000000060050670200800408005070000800002
006308010100970004000010000000000300700400805080503060040000209000000070209000400
603080090000300000712000000070298001000000000901700080020800004007105000080970030
000073024007904083000208000700400006000800000004030970000000090035700001201005000
100600500000050400800007030006400002920860000008090000001000603790000045040000000
000401075000000048003000600001005000007340010020607000006720000010000200070090060
070006050600030002300000000000008031050300000090021006000205603030010005061000800
000013009000009300000800000021030500504060070006001020050000000003150000609000008
008100000000000040307024806000200000000010050104090030900030104000049003040500090
950108000600000008800030100090005807400007059000300002106800000000050020000004000
000000710500003408680000000000800000000305609040006870050000000400098000068100090
007500083000200001030008500000400090028000040504000800700920008080006000150000400
040030000600100007300607019002050000000000024480000005010500090500001408004900000
000000000000052090037004005003000600709600004000078009008501907006000020000040010
020910073007503090000000000000800002500040016400001000030000000009037050750009020
073000000040020003000634700000067002020000010000041900095000400708010000410000080
401790000970005100020000903000600710040010009000007008080002000300080000060000021
800500004540000130000300870900000427007008000004007950000103000005070000010400700
000000600019500000000690000080007130500004068002060005070000000000700983300809070
000067050890000010005000000004030020050071086600008000000000900008016045000500031
090081002800000060003020900000060405000050200005200090037000000100504009009012000
000000000700200014090003700300000000570310900009500000060020040080000106040700509
002104007000650100090002080040013008000000200051800030000030000000407000028001090
000006210804000507001700804007000000000500000080100602900000300008001000015032040
016000000503002040000009010800070000400801300030090001300000080090000070008907403
000006010804000507001700804007000000000500000080100602900000300008001000015032040
000010604006000089208600000000004800000090021001005006002000060069030140140060000
000700000003508200000000061530100070080000003709005180100370000075000090090000008
000010604006000089208600000000004800000090021001005006002000060069030140040060000
000010604006000089208000000000004800000090021001005006002000060069030140140060000
400005607270000001010000020000400000001078004020009080090200070000000302700080409
050900806600010070010006000000000060500871000000000709080500200090060000700108003
000080540000005900000300000050000004049010000300000090800050410506008037170030080
000000060090001007016207908089026010700010090000700002020098470070100000000000500
200004000006800000050000807108006000000007083070420600000750048040000700000002500
003009000480003900005400000050007400009060050100008300500000008907000003040005790
004197500010005007007340100400001005003000014000734089000009020009010000300500000
900041007040500000000607900600100039000009005000005100016900000405000006700000080
000000005204390008760008900000000070020560800905000006000020069090600000500907200
004197500010005007007340100400001005003000010000734089000009020009010000300500000
